1

10
14 32
96 93 16 35 67 48 19 76 47 53 66 58 37
6 5
65 78 93 9 98
6 2
17 45 72 54 60
14 98
32 58 52 3 21 13 80 42 97 30 96 56 88
10 42
79 86 22 56 27 38 43 82 35
6 49
5 78 37 83 65
14 84
81 58 1 24 36 20 9 87 14 34 16 81 56
7 78
51 14 76 92 3 81
8 63
67 26 55 72 71 98 21
15 27
65 35 34 88 25 92 4 1 45 35 23 16 50 54
10
4 8 2 5 36
5 5 2 1 4
8 2 1 12 44
3 2 5 2 13
8 6 10 1 78
4 3 5 2 34
10 2 5 3 94
10 3 9 1 15
4 3 6 4 68
1 7 9 5 12
10
4 11 9 7
1 6 9 5
3 2 1 7
10 10 4 4
9 3 5 4
7 8 4 11
4 11 4 2
2 1 5 6
6 4 9 6
4 6 6 1