g++  -std=c++17   gmatrix.cpp   -o gmatrix
    0     0     0     0     0     0     0     0     0     0     0     0     0     0     0     0     0     0     0     0     0     0     0     0     0     0     0     0     0     0     0     0     0     0 
    0   260   392  1809  1774  2002   132  6829  3662  7590  6932  4205  4134  6498  4820  1437 12998 13940   120 12167 15422 14571 15348 12108 11862 18527 22124 17679  4190 27681 25812 24406 24774 13269 
    0  1411  1543  2960  2925  3153  1283  7980  4813  8741  8083  5356  5285  7649  5971  2588 14149 15091  1271 13318 16573 15722 16499 13259 13013 19678 23275 18830  5341 28832 26963 25557 25925 14420 
    0   342   474  1891  1856  2084   214  6911  3744  7672  7014  4287  4216  6580  4902  1519 13080 14022   202 12249 15504 14653 15430 12190 11944 18609 22206 17761  4272 27763 25894 24488 24856 13351 
    0  2195  2327  3744  3709  3937  2067  8764  5597  9525  8867  6140  6069  8433  6755  3372 14933 15875  2055 14102 17357 16506 17283 14043 13797 20462 24059 19614  6125 29616 27747 26341 26709 15204 
    0  3100  3232  4649  4614  4842  2972  9669  6502 10430  9772  7045  6974  9338  7660  4277 15838 16780  2960 15007 18262 17411 18188 14948 14702 21367 24964 20519  7030 30521 28652 27246 27614 16109 
    0  5517  5649  7066  7031  7259  5389 12086  8919 12847 12189  9462  9391 11755 10077  6694 18255 19197  5377 17424 20679 19828 20605 17365 17119 23784 27381 22936  9447 32938 31069 29663 30031 18526 
    0  3695  3827  5244  5209  5437  3567 10264  7097 11025 10367  7640  7569  9933  8255  4872 16433 17375  3555 15602 18857 18006 18783 15543 15297 21962 25559 21114  7625 31116 29247 27841 28209 16704 
    0  4611  4743  6160  6125  6353  4483 11180  8013 11941 11283  8556  8485 10849  9171  5788 17349 18291  4471 16518 19773 18922 19699 16459 16213 22878 26475 22030  8541 32032 30163 28757 29125 17620 
    0  4407  4539  5956  5921  6149  4279 10976  7809 11737 11079  8352  8281 10645  8967  5584 17145 18087  4267 16314 19569 18718 19495 16255 16009 22674 26271 21826  8337 31828 29959 28553 28921 17416 
    0  6315  6447  7864  7829  8057  6187 12884  9717 13645 12987 10260 10189 12553 10875  7492 19053 19995  6175 18222 21477 20626 21403 18163 17917 24582 28179 23734 10245 33736 31867 30461 30829 19324 
    0  5684  5816  7233  7198  7426  5556 12253  9086 13014 12356  9629  9558 11922 10244  6861 18422 19364  5544 17591 20846 19995 20772 17532 17286 23951 27548 23103  9614 33105 31236 29830 30198 18693 
    0  1203  1335  2752  2717  2945  1075  7772  4605  8533  7875  5148  5077  7441  5763  2380 13941 14883  1063 13110 16365 15514 16291 13051 12805 19470 23067 18622  5133 28624 26755 25349 25717 14212 
    0  4108  4240  5657  5622  5850  3980 10677  7510 11438 10780  8053  7982 10346  8668  5285 16846 17788  3968 16015 19270 18419 19196 15956 15710 22375 25972 21527  8038 31529 29660 28254 28622 17117 
    0 10723 10855 12272 12237 12465 10595 17292 14125 18053 17395 14668 14597 16961 15283 11900 23461 24403 10583 22630 25885 25034 25811 22571 22325 28990 32587 28142 14653 38144 36275 34869 35237 23732 
    0  3000  3132  4549  4514  4742  2872  9569  6402 10330  9672  6945  6874  9238  7560  4177 15738 16680  2860 14907 18162 17311 18088 14848 14602 21267 24864 20419  6930 30421 28552 27146 27514 16009 
    0  1571  1703  3120  3085  3313  1443  8140  4973  8901  8243  5516  5445  7809  6131  2748 14309 15251  1431 13478 16733 15882 16659 13419 13173 19838 23435 18990  5501 28992 27123 25717 26085 14580 
    0  3969  4101  5518  5483  5711  3841 10538  7371 11299 10641  7914  7843 10207  8529  5146 16707 17649  3829 15876 19131 18280 19057 15817 15571 22236 25833 21388  7899 31390 29521 28115 28483 16978 
    0 12075 12207 13624 13589 13817 11947 18644 15477 19405 18747 16020 15949 18313 16635 13252 24813 25755 11935 23982 27237 26386 27163 23923 23677 30342 33939 29494 16005 39496 37627 36221 36589 25084 
    0  3159  3291  4708  4673  4901  3031  9728  6561 10489  9831  7104  7033  9397  7719  4336 15897 16839  3019 15066 18321 17470 18247 15007 14761 21426 25023 20578  7089 30580 28711 27305 27673 16168 
    0  2315  2447  3864  3829  4057  2187  8884  5717  9645  8987  6260  6189  8553  6875  3492 15053 15995  2175 14222 17477 16626 17403 14163 13917 20582 24179 19734  6245 29736 27867 26461 26829 15324 
    0  1497  1629  3046  3011  3239  1369  8066  4899  8827  8169  5442  5371  7735  6057  2674 14235 15177  1357 13404 16659 15808 16585 13345 13099 19764 23361 18916  5427 28918 27049 25643 26011 14506 
    0 19973 20105 21522 21487 21715 19845 26542 23375 27303 26645 23918 23847 26211 24533 21150 32711 33653 19833 31880 35135 34284 35061 31821 31575 38240 41837 37392 23903 47394 45525 44119 44487 32982 
    0  3001  3133  4550  4515  4743  2873  9570  6403 10331  9673  6946  6875  9239  7561  4178 15739 16681  2861 14908 18163 17312 18089 14849 14603 21268 24865 20420  6931 30422 28553 27147 27515 16010 
    0  4179  4311  5728  5693  5921  4051 10748  7581 11509 10851  8124  8053 10417  8739  5356 16917 17859  4039 16086 19341 18490 19267 16027 15781 22446 26043 21598  8109 31600 29731 28325 28693 17188 
    0   770   902  2319  2284  2512   642  7339  4172  8100  7442  4715  4644  7008  5330  1947 13508 14450   630 12677 15932 15081 15858 12618 12372 19037 22634 18189  4700 28191 26322 24916 25284 13779 
    0 11427 11559 12976 12941 13169 11299 17996 14829 18757 18099 15372 15301 17665 15987 12604 24165 25107 11287 23334 26589 25738 26515 23275 23029 29694 33291 28846 15357 38848 36979 35573 35941 24436 
    0 25386 25518 26935 26900 27128 25258 31955 28788 32716 32058 29331 29260 31624 29946 26563 38124 39066 25246 37293 40548 39697 40474 37234 36988 43653 47250 42805 29316 52807 50938 49532 49900 38395 
    0 14251 14383 15800 15765 15993 14123 20820 17653 21581 20923 18196 18125 20489 18811 15428 26989 27931 14111 26158 29413 28562 29339 26099 25853 32518 36115 31670 18181 41672 39803 38397 38765 27260 
    0  5357  5489  6906  6871  7099  5229 11926  8759 12687 12029  9302  9231 11595  9917  6534 18095 19037  5217 17264 20519 19668 20445 17205 16959 23624 27221 22776  9287 32778 30909 29503 29871 18366 
    0   735   867  2284  2249  2477   607  7304  4137  8065  7407  4680  4609  6973  5295  1912 13473 14415   595 12642 15897 15046 15823 12583 12337 19002 22599 18154  4665 28156 26287 24881 25249 13744 
    0 26483 26615 28032 27997 28225 26355 33052 29885 33813 33155 30428 30357 32721 31043 27660 39221 40163 26343 38390 41645 40794 41571 38331 38085 44750 48347 43902 30413 53904 52035 50629 50997 39492 
    0 26691 26823 28240 28205 28433 26563 33260 30093 34021 33363 30636 30565 32929 31251 27868 39429 40371 26551 38598 41853 41002 41779 38539 38293 44958 48555 44110 30621 54112 52243 50837 51205 39700 
    0 28575 28707 30124 30089 30317 28447 35144 31977 35905 35247 32520 32449 34813 33135 29752 41313 42255 28435 40482 43737 42886 43663 40423 40177 46842 50439 45994 32505 55996 54127 52721 53089 41584 
Case #1: 
    0     0     0     0     0     0     0     0     0     0     0     0     0     0     0     0     0     0     0     0     0     0     0     0     0     0     0     0     0     0     0     0     0     0 
    0   260   392  1809  1774  2002   132  6829  3662  7590  6932  4205  4134  6498  4820  1437 12998 13940   120 12167 15422 14571 15348 12108 11862 18527 22124 17679  4190 27681 25812 24406 24774 13269 
    0  1411  1543  2960  2925  3153  1283  7980  4813  8741  8083  5356  5285  7649  5971  2588 14149 15091  1271 13318 16573 15722 16499 13259 13013 19678 23275 18830  5341 28832 26963 25557 25925 14420 
    0   342   474  1891  1856  2084   214  6911  3744  7672  7014  4287  4216  6580  4902  1519 13080 14022   202 12249 15504 14653 15430 12190 11944 18609 22206 17761  4272 27763 25894 24488 24856 13351 
    0  2195  2327  3744  3709  3937  2067  8764  5597  9525  8867  6140  6069  8433  6755  3372 14933 15875  2055 14102 17357 16506 17283 14043 13797 20462 24059 19614  6125 29616 27747 26341 26709 15204 
    0  3100  3232  4649  4614  4842  2972  9669  6502 10430  9772  7045  6974  9338  7660  4277 15838 16780  2960 15007 18262 17411 18188 14948 14702 21367 24964 20519  7030 30521 28652 27246 27614 16109 
    0  5517  5649  7066  7031  7259  5389 12086  8919 12847 12189  9462  9391 11755 10077  6694 18255 19197  5377 17424 20679 19828 20605 17365 17119 23784 27381 22936  9447 32938 31069 29663 30031 18526 
    0  3695  3827  5244  5209  5437  3567 10264  7097 11025 10367  7640  7569  9933  8255  4872 16433 17375  3555 15602 18857 18006 18783 15543 15297 21962 25559 21114  7625 31116 29247 27841 28209 16704 
    0  4611  4743  6160  6125  6353  4483 11180  8013 11941 11283  8556  8485 10849  9171  5788 17349 18291  4471 16518 19773 18922 19699 16459 16213 22878 26475 22030  8541 32032 30163 28757 29125 17620 
    0  4407  4539  5956  5921  6149  4279 10976  7809 11737 11079  8352  8281 10645  8967  5584 17145 18087  4267 16314 19569 18718 19495 16255 16009 22674 26271 21826  8337 31828 29959 28553 28921 17416 
    0  6315  6447  7864  7829  8057  6187 12884  9717 13645 12987 10260 10189 12553 10875  7492 19053 19995  6175 18222 21477 20626 21403 18163 17917 24582 28179 23734 10245 33736 31867 30461 30829 19324 
    0  5684  5816  7233  7198  7426  5556 12253  9086 13014 12356  9629  9558 11922 10244  6861 18422 19364  5544 17591 20846 19995 20772 17532 17286 23951 27548 23103  9614 33105 31236 29830 30198 18693 
    0  1203  1335  2752  2717  2945  1075  7772  4605  8533  7875  5148  5077  7441  5763  2380 13941 14883  1063 13110 16365 15514 16291 13051 12805 19470 23067 18622  5133 28624 26755 25349 25717 14212 
    0  4108  4240  5657  5622  5850  3980 10677  7510 11438 10780  8053  7982 10346  8668  5285 16846 17788  3968 16015 19270 18419 19196 15956 15710 22375 25972 21527  8038 31529 29660 28254 28622 17117 
    0 10723 10855 12272 12237 12465 10595 17292 14125 18053 17395 14668 14597 16961 15283 11900 23461 24403 10583 22630 25885 25034 25811 22571 22325 28990 32587 28142 14653 38144 36275 34869 35237 23732 
    0  3000  3132  4549  4514  4742  2872  9569  6402 10330  9672  6945  6874  9238  7560  4177 15738 16680  2860 14907 18162 17311 18088 14848 14602 21267 24864 20419  6930 30421 28552 27146 27514 16009 
    0  1571  1703  3120  3085  3313  1443  8140  4973  8901  8243  5516  5445  7809  6131  2748 14309 15251  1431 13478 16733 15882 16659 13419 13173 19838 23435 18990  5501 28992 27123 25717 26085 14580 
    0  3969  4101  5518  5483  5711  3841 10538  7371 11299 10641  7914  7843 10207  8529  5146 16707 17649  3829 15876 19131 18280 19057 15817 15571 22236 25833 21388  7899 31390 29521 28115 28483 16978 
    0 12075 12207 13624 13589 13817 11947 18644 15477 19405 18747 16020 15949 18313 16635 13252 24813 25755 11935 23982 27237 26386 27163 23923 23677 30342 33939 29494 16005 39496 37627 36221 36589 25084 
    0  3159  3291  4708  4673  4901  3031  9728  6561 10489  9831  7104  7033  9397  7719  4336 15897 16839  3019 15066 18321 17470 18247 15007 14761 21426 25023 20578  7089 30580 28711 27305 27673 16168 
    0  2315  2447  3864  3829  4057  2187  8884  5717  9645  8987  6260  6189  8553  6875  3492 15053 15995  2175 14222 17477 16626 17403 14163 13917 20582 24179 19734  6245 29736 27867 26461 26829 15324 
    0  1497  1629  3046  3011  3239  1369  8066  4899  8827  8169  5442  5371  7735  6057  2674 14235 15177  1357 13404 16659 15808 16585 13345 13099 19764 23361 18916  5427 28918 27049 25643 26011 14506 
    0 19973 20105 21522 21487 21715 19845 26542 23375 27303 26645 23918 23847 26211 24533 21150 32711 33653 19833 31880 35135 34284 35061 31821 31575 38240 41837 37392 23903 47394 45525 44119 44487 32982 
    0  3001  3133  4550  4515  4743  2873  9570  6403 10331  9673  6946  6875  9239  7561  4178 15739 16681  2861 14908 18163 17312 18089 14849 14603 21268 24865 20420  6931 30422 28553 27147 27515 16010 
    0  4179  4311  5728  5693  5921  4051 10748  7581 11509 10851  8124  8053 10417  8739  5356 16917 17859  4039 16086 19341 18490 19267 16027 15781 22446 26043 21598  8109 31600 29731 28325 28693 17188 
    0   770   902  2319  2284  2512   642  7339  4172  8100  7442  4715  4644  7008  5330  1947 13508 14450   630 12677 15932 15081 15858 12618 12372 19037 22634 18189  4700 28191 26322 24916 25284 13779 
    0 11427 11559 12976 12941 13169 11299 17996 14829 18757 18099 15372 15301 17665 15987 12604 24165 25107 11287 23334 26589 25738 26515 23275 23029 29694 33291 28846 15357 38848 36979 35573 35941 24436 
    0 25386 25518 26935 26900 27128 25258 31955 28788 32716 32058 29331 29260 31624 29946 26563 38124 39066 25246 37293 40548 39697 40474 37234 36988 43653 47250 42805 29316 52807 50938 49532 49900 38395 
    0 14251 14383 15800 15765 15993 14123 20820 17653 21581 20923 18196 18125 20489 18811 15428 26989 27931 14111 26158 29413 28562 29339 26099 25853 32518 36115 31670 18181 41672 39803 38397 38765 27260 
    0  5357  5489  6906  6871  7099  5229 11926  8759 12687 12029  9302  9231 11595  9917  6534 18095 19037  5217 17264 20519 19668 20445 17205 16959 23624 27221 22776  9287 32778 30909 29503 29871 18366 
    0   735   867  2284  2249  2477   607  7304  4137  8065  7407  4680  4609  6973  5295  1912 13473 14415   595 12642 15897 15046 15823 12583 12337 19002 22599 18154  4665 28156 26287 24881 25249 13744 
    0 26483 26615 28032 27997 28225 26355 33052 29885 33813 33155 30428 30357 32721 31043 27660 39221 40163 26343 38390 41645 40794 41571 38331 38085 44750 48347 43902 30413 53904 52035 50629 50997 39492 
    0 26691 26823 28240 28205 28433 26563 33260 30093 34021 33363 30636 30565 32929 31251 27868 39429 40371 26551 38598 41853 41002 41779 38539 38293 44958 48555 44110 30621 54112 52243 50837 51205 39700 
    0 28575 28707 30124 30089 30317 28447 35144 31977 35905 35247 32520 32449 34813 33135 29752 41313 42255 28435 40482 43737 42886 43663 40423 40177 46842 50439 45994 32505 55996 54127 52721 53089 41584 
    0     0     0     0     0     0     0     0     0     0     0     0     0     0     0     0     0     0     0     0     0     0     0     0     0     0     0     0     0     0     0     0     0     0 
    0   260   392  1809  1774  2002   132  6829  3662  7590  6932  4205  4134  6498  4820  1437 12998 13940   120 12167 15422 14571 15348 12108 11862 18527 22124 17679  4190 27681 25812 24406 24774 13269 
    0  1411  1543  2960  2925  3153  1283  7980  4813  8741  8083  5356  5285  7649  5971  2588 14149 15091  1271 13318 16573 15722 16499 13259 13013 19678 23275 18830  5341 28832 26963 25557 25925 14420 
    0   342   474  1891  1856  2084   214  6911  3744  7672  7014  4287  4216  6580  4902  1519 13080 14022   202 12249 15504 14653 15430 12190 11944 18609 22206 17761  4272 27763 25894 24488 24856 13351 
    0  2195  2327  3744  3709  3937  2067  8764  5597  9525  8867  6140  6069  8433  6755  3372 14933 15875  2055 14102 17357 16506 17283 14043 13797 20462 24059 19614  6125 29616 27747 26341 26709 15204 
    0  3100  3232  4649  4614  4842  2972  9669  6502 10430  9772  7045  6974  9338  7660  4277 15838 16780  2960 15007 18262 17411 18188 14948 14702 21367 24964 20519  7030 30521 28652 27246 27614 16109 
    0  5517  5649  7066  7031  7259  5389 12086  8919 12847 12189  9462  9391 11755 10077  6694 18255 19197  5377 17424 20679 19828 20605 17365 17119 23784 27381 22936  9447 32938 31069 29663 30031 18526 
    0  3695  3827  5244  5209  5437  3567 10264  7097 11025 10367  7640  7569  9933  8255  4872 16433 17375  3555 15602 18857 18006 18783 15543 15297 21962 25559 21114  7625 31116 29247 27841 28209 16704 
    0  4611  4743  6160  6125  6353  4483 11180  8013 11941 11283  8556  8485 10849  9171  5788 17349 18291  4471 16518 19773 18922 19699 16459 16213 22878 26475 22030  8541 32032 30163 28757 29125 17620 
    0  4407  4539  5956  5921  6149  4279 10976  7809 11737 11079  8352  8281 10645  8967  5584 17145 18087  4267 16314 19569 18718 19495 16255 16009 22674 26271 21826  8337 31828 29959 28553 28921 17416 
    0  6315  6447  7864  7829  8057  6187 12884  9717 13645 12987 10260 10189 12553 10875  7492 19053 19995  6175 18222 21477 20626 21403 18163 17917 24582 28179 23734 10245 33736 31867 30461 30829 19324 
    0  5684  5816  7233  7198  7426  5556 12253  9086 13014 12356  9629  9558 11922 10244  6861 18422 19364  5544 17591 20846 19995 20772 17532 17286 23951 27548 23103  9614 33105 31236 29830 30198 18693 
    0  1203  1335  2752  2717  2945  1075  7772  4605  8533  7875  5148  5077  7441  5763  2380 13941 14883  1063 13110 16365 15514 16291 13051 12805 19470 23067 18622  5133 28624 26755 25349 25717 14212 
    0  4108  4240  5657  5622  5850  3980 10677  7510 11438 10780  8053  7982 10346  8668  5285 16846 17788  3968 16015 19270 18419 19196 15956 15710 22375 25972 21527  8038 31529 29660 28254 28622 17117 
    0 10723 10855 12272 12237 12465 10595 17292 14125 18053 17395 14668 14597 16961 15283 11900 23461 24403 10583 22630 25885 25034 25811 22571 22325 28990 32587 28142 14653 38144 36275 34869 35237 23732 
    0  3000  3132  4549  4514  4742  2872  9569  6402 10330  9672  6945  6874  9238  7560  4177 15738 16680  2860 14907 18162 17311 18088 14848 14602 21267 24864 20419  6930 30421 28552 27146 27514 16009 
    0  1571  1703  3120  3085  3313  1443  8140  4973  8901  8243  5516  5445  7809  6131  2748 14309 15251  1431 13478 16733 15882 16659 13419 13173 19838 23435 18990  5501 28992 27123 25717 26085 14580 
    0  3969  4101  5518  5483  5711  3841 10538  7371 11299 10641  7914  7843 10207  8529  5146 16707 17649  3829 15876 19131 18280 19057 15817 15571 22236 25833 21388  7899 31390 29521 28115 28483 16978 
    0 12075 12207 13624 13589 13817 11947 18644 15477 19405 18747 16020 15949 18313 16635 13252 24813 25755 11935 23982 27237 26386 27163 23923 23677 30342 33939 29494 16005 39496 37627 36221 36589 25084 
    0  3159  3291  4708  4673  4901  3031  9728  6561 10489  9831  7104  7033  9397  7719  4336 15897 16839  3019 15066 18321 17470 18247 15007 14761 21426 25023 20578  7089 30580 28711 27305 27673 16168 
    0  2315  2447  3864  3829  4057  2187  8884  5717  9645  8987  6260  6189  8553  6875  3492 15053 15995  2175 14222 17477 16626 17403 14163 13917 20582 24179 19734  6245 29736 27867 26461 26829 15324 
    0  1497  1629  3046  3011  3239  1369  8066  4899  8827  8169  5442  5371  7735  6057  2674 14235 15177  1357 13404 16659 15808 16585 13345 13099 19764 23361 18916  5427 28918 27049 25643 26011 14506 
    0 19973 20105 21522 21487 21715 19845 26542 23375 27303 26645 23918 23847 26211 24533 21150 32711 33653 19833 31880 35135 34284 35061 31821 31575 38240 41837 37392 23903 47394 45525 44119 44487 32982 
    0  3001  3133  4550  4515  4743  2873  9570  6403 10331  9673  6946  6875  9239  7561  4178 15739 16681  2861 14908 18163 17312 18089 14849 14603 21268 24865 20420  6931 30422 28553 27147 27515 16010 
    0  4179  4311  5728  5693  5921  4051 10748  7581 11509 10851  8124  8053 10417  8739  5356 16917 17859  4039 16086 19341 18490 19267 16027 15781 22446 26043 21598  8109 31600 29731 28325 28693 17188 
    0   770   902  2319  2284  2512   642  7339  4172  8100  7442  4715  4644  7008  5330  1947 13508 14450   630 12677 15932 15081 15858 12618 12372 19037 22634 18189  4700 28191 26322 24916 25284 13779 
    0 11427 11559 12976 12941 13169 11299 17996 14829 18757 18099 15372 15301 17665 15987 12604 24165 25107 11287 23334 26589 25738 26515 23275 23029 29694 41837 28846 15357 38848 36979 35573 35941 24436 
    0 25386 25518 26935 26900 27128 25258 31955 28788 32716 32058 29331 29260 31624 29946 26563 38124 39066 25246 37293 40548 39697 40474 37234 36988 43653 47250 42805 29316 52807 50938 49532 49900 38395 
    0 14251 14383 15800 15765 15993 14123 20820 17653 21581 20923 18196 18125 20489 18811 15428 26989 27931 14111 26158 29413 28562 29339 26099 25853 32518 36115 31670 18181 41672 39803 38397 38765 27260 
    0  5357  5489  6906  6871  7099  5229 11926  8759 12687 12029  9302  9231 11595  9917  6534 18095 19037  5217 17264 20519 19668 20445 17205 16959 23624 27221 22776  9287 32778 30909 29503 29871 18366 
    0   735   867  2284  2249  2477   607  7304  4137  8065  7407  4680  4609  6973  5295  1912 13473 14415   595 12642 15897 15046 15823 12583 12337 19002 22599 18154  4665 28156 26287 24881 25249 13744 
    0 26483 26615 28032 27997 28225 26355 33052 29885 33813 33155 30428 30357 32721 31043 27660 39221 40163 26343 38390 41645 40794 41571 38331 38085 44750 48347 43902 30413 53904 52035 50629 50997 39492 
    0 26691 26823 28240 28205 28433 26563 33260 30093 34021 33363 30636 30565 32929 31251 27868 39429 40371 26551 38598 41853 41002 41779 38539 38293 44958 48555 44110 30621 54112 52243 50837 51205 39700 
    0 28575 28707 30124 30089 30317 28447 35144 31977 35905 35247 32520 32449 34813 33135 29752 41313 42255 28435 40482 43737 42886 43663 40423 40177 46842 50439 45994 32505 55996 54127 52721 53089 41584 
    0     0     0     0     0     0     0     0     0     0     0     0     0     0     0     0     0     0     0     0     0     0     0     0     0     0     0     0     0     0     0     0     0     0 
    0   260   392  1809  1774  2002   132  6829  3662  7590  6932  4205  4134  6498  4820  1437 12998 13940   120 12167 15422 14571 15348 12108 11862 18527 22124 17679  4190 27681 25812 24406 24774 13269 
    0  1411  1543  2960  2925  3153  1283  7980  4813  8741  8083  5356  5285  7649  5971  2588 14149 15091  1271 13318 16573 15722 16499 13259 13013 19678 23275 18830  5341 28832 26963 25557 25925 14420 
    0   342   474  1891  1856  2084   214  6911  3744  7672  7014  4287  4216  6580  4902  1519 13080 14022   202 12249 15504 14653 15430 12190 11944 18609 22206 17761  4272 27763 25894 24488 24856 13351 
    0  2195  2327  3744  3709  3937  2067  8764  5597  9525  8867  6140  6069  8433  6755  3372 14933 15875  2055 14102 17357 16506 17283 14043 13797 20462 24059 19614  6125 29616 27747 26341 26709 15204 
    0  3100  3232  4649  4614  4842  2972  9669  6502 10430  9772  7045  6974  9338  7660  4277 15838 16780  2960 15007 18262 17411 18188 14948 14702 21367 24964 20519  7030 30521 28652 27246 27614 16109 
    0  5517  5649  7066  7031  7259  5389 12086  8919 12847 12189  9462  9391 11755 10077  6694 18255 19197  5377 17424 20679 19828 20605 17365 17119 23784 27381 22936  9447 32938 31069 29663 30031 18526 
    0  3695  3827  5244  5209  5437  3567 10264  7097 11025 10367  7640  7569  9933  8255  4872 16433 17375  3555 15602 18857 18006 18783 15543 15297 21962 25559 21114  7625 31116 29247 27841 28209 16704 
    0  4611  4743  6160  6125  6353  4483 11180  8013 11941 11283  8556  8485 10849  9171  5788 17349 18291  4471 16518 19773 18922 19699 16459 16213 22878 26475 22030  8541 32032 30163 28757 29125 17620 
    0  4407  4539  5956  5921  6149  4279 10976  7809 11737 11079  8352  8281 10645  8967  5584 17145 18087  4267 16314 19569 18718 19495 16255 16009 22674 26271 21826  8337 31828 29959 28553 28921 17416 
    0  6315  6447  7864  7829  8057  6187 12884  9717 13645 12987 10260 10189 12553 10875  7492 19053 19995  6175 18222 21477 20626 21403 18163 17917 24582 28179 23734 10245 33736 31867 30461 30829 19324 
    0  5684  5816  7233  7198  7426  5556 12253  9086 13014 12356  9629  9558 11922 10244  6861 18422 19364  5544 17591 20846 19995 20772 17532 17286 23951 27548 23103  9614 33105 31236 29830 30198 18693 
    0  1203  1335  2752  2717  2945  1075  7772  4605  8533  7875  5148  5077  7441  5763  2380 13941 14883  1063 13110 16365 15514 16291 13051 12805 19470 23067 18622  5133 28624 26755 25349 25717 14212 
    0  4108  4240  5657  5622  5850  3980 10677  7510 11438 10780  8053  7982 10346  8668  5285 16846 17788  3968 16015 19270 18419 19196 15956 15710 22375 25972 21527  8038 31529 29660 28254 28622 17117 
    0 10723 10855 12272 12237 12465 10595 17292 14125 18053 17395 14668 14597 16961 15283 11900 23461 24403 10583 22630 25885 25034 25811 22571 22325 28990 32587 28142 14653 38144 36275 34869 35237 23732 
    0  3000  3132  4549  4514  4742  2872  9569  6402 10330  9672  6945  6874  9238  7560  4177 15738 16680  2860 14907 18162 17311 18088 14848 14602 21267 24864 20419  6930 30421 28552 27146 27514 16009 
    0  1571  1703  3120  3085  3313  1443  8140  4973  8901  8243  5516  5445  7809  6131  2748 14309 15251  1431 13478 16733 15882 16659 13419 13173 19838 23435 18990  5501 28992 27123 25717 26085 14580 
    0  3969  4101  5518  5483  5711  3841 10538  7371 11299 10641  7914  7843 10207  8529  5146 16707 17649  3829 15876 19131 18280 19057 15817 15571 22236 25833 21388  7899 31390 29521 28115 28483 16978 
    0 12075 12207 13624 13589 13817 11947 18644 15477 19405 18747 16020 15949 18313 16635 13252 24813 25755 11935 23982 27237 26386 27163 23923 23677 30342 33939 29494 16005 39496 37627 36221 36589 25084 
    0  3159  3291  4708  4673  4901  3031  9728  6561 10489  9831  7104  7033  9397  7719  4336 15897 16839  3019 15066 18321 17470 18247 15007 14761 21426 25023 20578  7089 30580 28711 27305 27673 16168 
    0  2315  2447  3864  3829  4057  2187  8884  5717  9645  8987  6260  6189  8553  6875  3492 15053 15995  2175 14222 17477 16626 17403 14163 13917 20582 24179 19734  6245 29736 27867 26461 26829 15324 
    0  1497  1629  3046  3011  3239  1369  8066  4899  8827  8169  5442  5371  7735  6057  2674 14235 15177  1357 13404 16659 15808 16585 13345 13099 19764 23361 18916  5427 28918 27049 25643 26011 14506 
    0 19973 20105 21522 21487 21715 19845 26542 23375 27303 26645 23918 23847 26211 24533 21150 32711 33653 19833 31880 35135 34284 35061 31821 31575 38240 41837 37392 23903 47394 45525 44119 44487 32982 
    0  3001  3133  4550  4515  4743  2873  9570  6403 10331  9673  6946  6875  9239  7561  4178 15739 16681  2861 14908 18163 17312 18089 14849 14603 21268 24865 20420  6931 30422 28553 27147 27515 16010 
    0  4179  4311  5728  5693  5921  4051 10748  7581 11509 10851  8124  8053 10417  8739  5356 16917 17859  4039 16086 19341 18490 19267 16027 15781 22446 26043 21598  8109 31600 29731 28325 28693 17188 
    0   770   902  2319  2284  2512   642  7339  4172  8100  7442  4715  4644  7008  5330  1947 13508 14450   630 12677 15932 15081 15858 12618 12372 19037 22634 18189  4700 28191 26322 24916 25284 13779 
    0 11427 11559 12976 12941 13169 11299 17996 14829 18757 18099 15372 15301 17665 15987 12604 24165 25107 11287 23334 26589 25738 26515 23275 23029 29694 41837 37392 15357 38848 36979 35573 35941 24436 
    0 25386 25518 26935 26900 27128 25258 31955 28788 32716 32058 29331 29260 31624 29946 26563 38124 39066 25246 37293 40548 39697 40474 37234 36988 43653 47250 42805 29316 52807 50938 49532 49900 38395 
    0 14251 14383 15800 15765 15993 14123 20820 17653 21581 20923 18196 18125 20489 18811 15428 26989 27931 14111 26158 29413 28562 29339 26099 25853 32518 36115 31670 18181 41672 39803 38397 38765 27260 
    0  5357  5489  6906  6871  7099  5229 11926  8759 12687 12029  9302  9231 11595  9917  6534 18095 19037  5217 17264 20519 19668 20445 17205 16959 23624 27221 22776  9287 32778 30909 29503 29871 18366 
    0   735   867  2284  2249  2477   607  7304  4137  8065  7407  4680  4609  6973  5295  1912 13473 14415   595 12642 15897 15046 15823 12583 12337 19002 22599 18154  4665 28156 26287 24881 25249 13744 
    0 26483 26615 28032 27997 28225 26355 33052 29885 33813 33155 30428 30357 32721 31043 27660 39221 40163 26343 38390 41645 40794 41571 38331 38085 44750 48347 43902 30413 53904 52035 50629 50997 39492 
    0 26691 26823 28240 28205 28433 26563 33260 30093 34021 33363 30636 30565 32929 31251 27868 39429 40371 26551 38598 41853 41002 41779 38539 38293 44958 48555 44110 30621 54112 52243 50837 51205 39700 
    0 28575 28707 30124 30089 30317 28447 35144 31977 35905 35247 32520 32449 34813 33135 29752 41313 42255 28435 40482 43737 42886 43663 40423 40177 46842 50439 45994 32505 55996 54127 52721 53089 41584 
    0     0     0     0     0     0     0     0     0     0     0     0     0     0     0     0     0     0     0     0     0     0     0     0     0     0     0     0     0     0     0     0     0     0 
    0   260   392  1809  1774  2002   132  6829  3662  7590  6932  4205  4134  6498  4820  1437 12998 13940   120 12167 15422 14571 15348 12108 11862 18527 22124 17679  4190 27681 25812 24406 24774 13269 
    0  1411  1543  2960  2925  3153  1283  7980  4813  8741  8083  5356  5285  7649  5971  2588 14149 15091  1271 13318 16573 15722 16499 13259 13013 19678 23275 18830  5341 28832 26963 25557 25925 14420 
    0   342   474  1891  1856  2084   214  6911  3744  7672  7014  4287  4216  6580  4902  1519 13080 14022   202 12249 15504 14653 15430 12190 11944 18609 22206 17761  4272 27763 25894 24488 24856 13351 
    0  2195  2327  3744  3709  3937  2067  8764  5597  9525  8867  6140  6069  8433  6755  3372 14933 15875  2055 14102 17357 16506 17283 14043 13797 20462 24059 19614  6125 29616 27747 26341 26709 15204 
    0  3100  3232  4649  4614  4842  2972  9669  6502 10430  9772  7045  6974  9338  7660  4277 15838 16780  2960 15007 18262 17411 18188 14948 14702 21367 24964 20519  7030 30521 28652 27246 27614 16109 
    0  5517  5649  7066  7031  7259  5389 12086  8919 12847 12189  9462  9391 11755 10077  6694 18255 19197  5377 17424 20679 19828 20605 17365 17119 23784 27381 22936  9447 32938 31069 29663 30031 18526 
    0  3695  3827  5244  5209  5437  3567 10264  7097 11025 10367  7640  7569  9933  8255  4872 16433 17375  3555 15602 18857 18006 18783 15543 15297 21962 25559 21114  7625 31116 29247 27841 28209 16704 
    0  4611  4743  6160  6125  6353  4483 11180  8013 11941 11283  8556  8485 10849  9171  5788 17349 18291  4471 16518 19773 18922 19699 16459 16213 22878 26475 22030  8541 32032 30163 28757 29125 17620 
    0  4407  4539  5956  5921  6149  4279 10976  7809 11737 11079  8352  8281 10645  8967  5584 17145 18087  4267 16314 19569 18718 19495 16255 16009 22674 26271 21826  8337 31828 29959 28553 28921 17416 
    0  6315  6447  7864  7829  8057  6187 12884  9717 13645 12987 10260 10189 12553 10875  7492 19053 19995  6175 18222 21477 20626 21403 18163 17917 24582 28179 23734 10245 33736 31867 30461 30829 19324 
    0  5684  5816  7233  7198  7426  5556 12253  9086 13014 12356  9629  9558 11922 10244  6861 18422 19364  5544 17591 20846 19995 20772 17532 17286 23951 27548 23103  9614 33105 31236 29830 30198 18693 
    0  1203  1335  2752  2717  2945  1075  7772  4605  8533  7875  5148  5077  7441  5763  2380 13941 14883  1063 13110 16365 15514 16291 13051 12805 19470 23067 18622  5133 28624 26755 25349 25717 14212 
    0  4108  4240  5657  5622  5850  3980 10677  7510 11438 10780  8053  7982 10346  8668  5285 16846 17788  3968 16015 19270 18419 19196 15956 15710 22375 25972 21527  8038 31529 29660 28254 28622 17117 
    0 10723 10855 12272 12237 12465 10595 17292 14125 18053 17395 14668 14597 16961 15283 11900 23461 24403 10583 22630 25885 25034 25811 22571 22325 28990 32587 28142 14653 38144 36275 34869 35237 23732 
    0  3000  3132  4549  4514  4742  2872  9569  6402 10330  9672  6945  6874  9238  7560  4177 15738 16680  2860 14907 18162 17311 18088 14848 14602 21267 24864 20419  6930 30421 28552 27146 27514 16009 
    0  1571  1703  3120  3085  3313  1443  8140  4973  8901  8243  5516  5445  7809  6131  2748 14309 15251  1431 13478 16733 15882 16659 13419 13173 19838 23435 18990  5501 28992 27123 25717 26085 14580 
    0  3969  4101  5518  5483  5711  3841 10538  7371 11299 10641  7914  7843 10207  8529  5146 16707 17649  3829 15876 19131 18280 19057 15817 15571 22236 25833 21388  7899 31390 29521 28115 28483 16978 
    0 12075 12207 13624 13589 13817 11947 18644 15477 19405 18747 16020 15949 18313 16635 13252 24813 25755 11935 23982 27237 26386 27163 23923 23677 30342 33939 29494 16005 39496 37627 36221 36589 25084 
    0  3159  3291  4708  4673  4901  3031  9728  6561 10489  9831  7104  7033  9397  7719  4336 15897 16839  3019 15066 18321 17470 18247 15007 14761 21426 25023 20578  7089 30580 28711 27305 27673 16168 
    0  2315  2447  3864  3829  4057  2187  8884  5717  9645  8987  6260  6189  8553  6875  3492 15053 15995  2175 14222 17477 16626 17403 14163 13917 20582 24179 19734  6245 29736 27867 26461 26829 15324 
    0  1497  1629  3046  3011  3239  1369  8066  4899  8827  8169  5442  5371  7735  6057  2674 14235 15177  1357 13404 16659 15808 16585 13345 13099 19764 23361 18916  5427 28918 27049 25643 26011 14506 
    0 19973 20105 21522 21487 21715 19845 26542 23375 27303 26645 23918 23847 26211 24533 21150 32711 33653 19833 31880 35135 34284 35061 31821 31575 38240 41837 37392 23903 47394 45525 44119 44487 32982 
    0  3001  3133  4550  4515  4743  2873  9570  6403 10331  9673  6946  6875  9239  7561  4178 15739 16681  2861 14908 18163 17312 18089 14849 14603 21268 24865 20420  6931 30422 28553 27147 27515 16010 
    0  4179  4311  5728  5693  5921  4051 10748  7581 11509 10851  8124  8053 10417  8739  5356 16917 17859  4039 16086 19341 18490 19267 16027 15781 22446 26043 21598  8109 31600 29731 28325 28693 17188 
    0   770   902  2319  2284  2512   642  7339  4172  8100  7442  4715  4644  7008  5330  1947 13508 14450   630 12677 15932 15081 15858 12618 12372 19037 22634 18189  4700 28191 26322 24916 25284 13779 
    0 11427 11559 12976 12941 13169 11299 17996 14829 18757 18099 15372 15301 17665 15987 12604 24165 25107 11287 23334 26589 25738 26515 23275 23029 29694 41837 37392 23903 38848 36979 35573 35941 24436 
    0 25386 25518 26935 26900 27128 25258 31955 28788 32716 32058 29331 29260 31624 29946 26563 38124 39066 25246 37293 40548 39697 40474 37234 36988 43653 47250 42805 29316 52807 50938 49532 49900 38395 
    0 14251 14383 15800 15765 15993 14123 20820 17653 21581 20923 18196 18125 20489 18811 15428 26989 27931 14111 26158 29413 28562 29339 26099 25853 32518 36115 31670 18181 41672 39803 38397 38765 27260 
    0  5357  5489  6906  6871  7099  5229 11926  8759 12687 12029  9302  9231 11595  9917  6534 18095 19037  5217 17264 20519 19668 20445 17205 16959 23624 27221 22776  9287 32778 30909 29503 29871 18366 
    0   735   867  2284  2249  2477   607  7304  4137  8065  7407  4680  4609  6973  5295  1912 13473 14415   595 12642 15897 15046 15823 12583 12337 19002 22599 18154  4665 28156 26287 24881 25249 13744 
    0 26483 26615 28032 27997 28225 26355 33052 29885 33813 33155 30428 30357 32721 31043 27660 39221 40163 26343 38390 41645 40794 41571 38331 38085 44750 48347 43902 30413 53904 52035 50629 50997 39492 
    0 26691 26823 28240 28205 28433 26563 33260 30093 34021 33363 30636 30565 32929 31251 27868 39429 40371 26551 38598 41853 41002 41779 38539 38293 44958 48555 44110 30621 54112 52243 50837 51205 39700 
    0 28575 28707 30124 30089 30317 28447 35144 31977 35905 35247 32520 32449 34813 33135 29752 41313 42255 28435 40482 43737 42886 43663 40423 40177 46842 50439 45994 32505 55996 54127 52721 53089 41584 
    0     0     0     0     0     0     0     0     0     0     0     0     0     0     0     0     0     0     0     0     0     0     0     0     0     0     0     0     0     0     0     0     0     0 
    0   260   392  1809  1774  2002   132  6829  3662  7590  6932  4205  4134  6498  4820  1437 12998 13940   120 12167 15422 14571 15348 12108 11862 18527 22124 17679  4190 27681 25812 24406 24774 13269 
    0  1411  1543  2960  2925  3153  1283  7980  4813  8741  8083  5356  5285  7649  5971  2588 14149 15091  1271 13318 16573 15722 16499 13259 13013 19678 23275 18830  5341 28832 26963 25557 25925 14420 
    0   342   474  1891  1856  2084   214  6911  3744  7672  7014  4287  4216  6580  4902  1519 13080 14022   202 12249 15504 14653 15430 12190 11944 18609 22206 17761  4272 27763 25894 24488 24856 13351 
    0  2195  2327  3744  3709  3937  2067  8764  5597  9525  8867  6140  6069  8433  6755  3372 14933 15875  2055 14102 17357 16506 17283 14043 13797 20462 24059 19614  6125 29616 27747 26341 26709 15204 
    0  3100  3232  4649  4614  4842  2972  9669  6502 10430  9772  7045  6974  9338  7660  4277 15838 16780  2960 15007 18262 17411 18188 14948 14702 21367 24964 20519  7030 30521 28652 27246 27614 16109 
    0  5517  5649  7066  7031  7259  5389 12086  8919 12847 12189  9462  9391 11755 10077  6694 18255 19197  5377 17424 20679 19828 20605 17365 17119 23784 27381 22936  9447 32938 31069 29663 30031 18526 
    0  3695  3827  5244  5209  5437  3567 10264  7097 11025 10367  7640  7569  9933  8255  4872 16433 17375  3555 15602 18857 18006 18783 15543 15297 21962 25559 21114  7625 31116 29247 27841 28209 16704 
    0  4611  4743  6160  6125  6353  4483 11180  8013 11941 11283  8556  8485 10849  9171  5788 17349 18291  4471 16518 19773 18922 19699 16459 16213 22878 26475 22030  8541 32032 30163 28757 29125 17620 
    0  4407  4539  5956  5921  6149  4279 10976  7809 11737 11079  8352  8281 10645  8967  5584 17145 18087  4267 16314 19569 18718 19495 16255 16009 22674 26271 21826  8337 31828 29959 28553 28921 17416 
    0  6315  6447  7864  7829  8057  6187 12884  9717 13645 12987 10260 10189 12553 10875  7492 19053 19995  6175 18222 21477 20626 21403 18163 17917 24582 28179 23734 10245 33736 31867 30461 30829 19324 
    0  5684  5816  7233  7198  7426  5556 12253  9086 13014 12356  9629  9558 11922 10244  6861 18422 19364  5544 17591 20846 19995 20772 17532 17286 23951 27548 23103  9614 33105 31236 29830 30198 18693 
    0  1203  1335  2752  2717  2945  1075  7772  4605  8533  7875  5148  5077  7441  5763  2380 13941 14883  1063 13110 16365 15514 16291 13051 12805 19470 23067 18622  5133 28624 26755 25349 25717 14212 
    0  4108  4240  5657  5622  5850  3980 10677  7510 11438 10780  8053  7982 10346  8668  5285 16846 17788  3968 16015 19270 18419 19196 15956 15710 22375 25972 21527  8038 31529 29660 28254 28622 17117 
    0 10723 10855 12272 12237 12465 10595 17292 14125 18053 17395 14668 14597 16961 15283 11900 23461 24403 10583 22630 25885 25034 25811 22571 22325 28990 32587 28142 14653 38144 36275 34869 35237 23732 
    0  3000  3132  4549  4514  4742  2872  9569  6402 10330  9672  6945  6874  9238  7560  4177 15738 16680  2860 14907 18162 17311 18088 14848 14602 21267 24864 20419  6930 30421 28552 27146 27514 16009 
    0  1571  1703  3120  3085  3313  1443  8140  4973  8901  8243  5516  5445  7809  6131  2748 14309 15251  1431 13478 16733 15882 16659 13419 13173 19838 23435 18990  5501 28992 27123 25717 26085 14580 
    0  3969  4101  5518  5483  5711  3841 10538  7371 11299 10641  7914  7843 10207  8529  5146 16707 17649  3829 15876 19131 18280 19057 15817 15571 22236 25833 21388  7899 31390 29521 28115 28483 16978 
    0 12075 12207 13624 13589 13817 11947 18644 15477 19405 18747 16020 15949 18313 16635 13252 24813 25755 11935 23982 27237 26386 27163 23923 23677 30342 33939 29494 16005 39496 37627 36221 36589 25084 
    0  3159  3291  4708  4673  4901  3031  9728  6561 10489  9831  7104  7033  9397  7719  4336 15897 16839  3019 15066 18321 17470 18247 15007 14761 21426 25023 20578  7089 30580 28711 27305 27673 16168 
    0  2315  2447  3864  3829  4057  2187  8884  5717  9645  8987  6260  6189  8553  6875  3492 15053 15995  2175 14222 17477 16626 17403 14163 13917 20582 24179 19734  6245 29736 27867 26461 26829 15324 
    0  1497  1629  3046  3011  3239  1369  8066  4899  8827  8169  5442  5371  7735  6057  2674 14235 15177  1357 13404 16659 15808 16585 13345 13099 19764 23361 18916  5427 28918 27049 25643 26011 14506 
    0 19973 20105 21522 21487 21715 19845 26542 23375 27303 26645 23918 23847 26211 24533 21150 32711 33653 19833 31880 35135 34284 35061 31821 31575 38240 41837 37392 23903 47394 45525 44119 44487 32982 
    0  3001  3133  4550  4515  4743  2873  9570  6403 10331  9673  6946  6875  9239  7561  4178 15739 16681  2861 14908 18163 17312 18089 14849 14603 21268 24865 20420  6931 30422 28553 27147 27515 16010 
    0  4179  4311  5728  5693  5921  4051 10748  7581 11509 10851  8124  8053 10417  8739  5356 16917 17859  4039 16086 19341 18490 19267 16027 15781 22446 26043 21598  8109 31600 29731 28325 28693 17188 
    0   770   902  2319  2284  2512   642  7339  4172  8100  7442  4715  4644  7008  5330  1947 13508 14450   630 12677 15932 15081 15858 12618 12372 19037 22634 18189  4700 28191 26322 24916 25284 13779 
    0 11427 11559 12976 12941 13169 11299 17996 14829 18757 18099 15372 15301 17665 15987 12604 24165 25107 11287 23334 26589 25738 26515 23275 23029 29694 41837 37392 23903 47394 36979 35573 35941 24436 
    0 25386 25518 26935 26900 27128 25258 31955 28788 32716 32058 29331 29260 31624 29946 26563 38124 39066 25246 37293 40548 39697 40474 37234 36988 43653 47250 42805 29316 52807 50938 49532 49900 38395 
    0 14251 14383 15800 15765 15993 14123 20820 17653 21581 20923 18196 18125 20489 18811 15428 26989 27931 14111 26158 29413 28562 29339 26099 25853 32518 36115 31670 18181 41672 39803 38397 38765 27260 
    0  5357  5489  6906  6871  7099  5229 11926  8759 12687 12029  9302  9231 11595  9917  6534 18095 19037  5217 17264 20519 19668 20445 17205 16959 23624 27221 22776  9287 32778 30909 29503 29871 18366 
    0   735   867  2284  2249  2477   607  7304  4137  8065  7407  4680  4609  6973  5295  1912 13473 14415   595 12642 15897 15046 15823 12583 12337 19002 22599 18154  4665 28156 26287 24881 25249 13744 
    0 26483 26615 28032 27997 28225 26355 33052 29885 33813 33155 30428 30357 32721 31043 27660 39221 40163 26343 38390 41645 40794 41571 38331 38085 44750 48347 43902 30413 53904 52035 50629 50997 39492 
    0 26691 26823 28240 28205 28433 26563 33260 30093 34021 33363 30636 30565 32929 31251 27868 39429 40371 26551 38598 41853 41002 41779 38539 38293 44958 48555 44110 30621 54112 52243 50837 51205 39700 
    0 28575 28707 30124 30089 30317 28447 35144 31977 35905 35247 32520 32449 34813 33135 29752 41313 42255 28435 40482 43737 42886 43663 40423 40177 46842 50439 45994 32505 55996 54127 52721 53089 41584 
    0     0     0     0     0     0     0     0     0     0     0     0     0     0     0     0     0     0     0     0     0     0     0     0     0     0     0     0     0     0     0     0     0     0 
    0   260   392  1809  1774  2002   132  6829  3662  7590  6932  4205  4134  6498  4820  1437 12998 13940   120 12167 15422 14571 15348 12108 11862 18527 22124 17679  4190 27681 25812 24406 24774 13269 
    0  1411  1543  2960  2925  3153  1283  7980  4813  8741  8083  5356  5285  7649  5971  2588 14149 15091  1271 13318 16573 15722 16499 13259 13013 19678 23275 18830  5341 28832 26963 25557 25925 14420 
    0   342   474  1891  1856  2084   214  6911  3744  7672  7014  4287  4216  6580  4902  1519 13080 14022   202 12249 15504 14653 15430 12190 11944 18609 22206 17761  4272 27763 25894 24488 24856 13351 
    0  2195  2327  3744  3709  3937  2067  8764  5597  9525  8867  6140  6069  8433  6755  3372 14933 15875  2055 14102 17357 16506 17283 14043 13797 20462 24059 19614  6125 29616 27747 26341 26709 15204 
    0  3100  3232  4649  4614  4842  2972  9669  6502 10430  9772  7045  6974  9338  7660  4277 15838 16780  2960 15007 18262 17411 18188 14948 14702 21367 24964 20519  7030 30521 28652 27246 27614 16109 
    0  5517  5649  7066  7031  7259  5389 12086  8919 12847 12189  9462  9391 11755 10077  6694 18255 19197  5377 17424 20679 19828 20605 17365 17119 23784 27381 22936  9447 32938 31069 29663 30031 18526 
    0  3695  3827  5244  5209  5437  3567 10264  7097 11025 10367  7640  7569  9933  8255  4872 16433 17375  3555 15602 18857 18006 18783 15543 15297 21962 25559 21114  7625 31116 29247 27841 28209 16704 
    0  4611  4743  6160  6125  6353  4483 11180  8013 11941 11283  8556  8485 10849  9171  5788 17349 18291  4471 16518 19773 18922 19699 16459 16213 22878 26475 22030  8541 32032 30163 28757 29125 17620 
    0  4407  4539  5956  5921  6149  4279 10976  7809 11737 11079  8352  8281 10645  8967  5584 17145 18087  4267 16314 19569 18718 19495 16255 16009 22674 26271 21826  8337 31828 29959 28553 28921 17416 
    0  6315  6447  7864  7829  8057  6187 12884  9717 13645 12987 10260 10189 12553 10875  7492 19053 19995  6175 18222 21477 20626 21403 18163 17917 24582 28179 23734 10245 33736 31867 30461 30829 19324 
    0  5684  5816  7233  7198  7426  5556 12253  9086 13014 12356  9629  9558 11922 10244  6861 18422 19364  5544 17591 20846 19995 20772 17532 17286 23951 27548 23103  9614 33105 31236 29830 30198 18693 
    0  1203  1335  2752  2717  2945  1075  7772  4605  8533  7875  5148  5077  7441  5763  2380 13941 14883  1063 13110 16365 15514 16291 13051 12805 19470 23067 18622  5133 28624 26755 25349 25717 14212 
    0  4108  4240  5657  5622  5850  3980 10677  7510 11438 10780  8053  7982 10346  8668  5285 16846 17788  3968 16015 19270 18419 19196 15956 15710 22375 25972 21527  8038 31529 29660 28254 28622 17117 
    0 10723 10855 12272 12237 12465 10595 17292 14125 18053 17395 14668 14597 16961 15283 11900 23461 24403 10583 22630 25885 25034 25811 22571 22325 28990 32587 28142 14653 38144 36275 34869 35237 23732 
    0  3000  3132  4549  4514  4742  2872  9569  6402 10330  9672  6945  6874  9238  7560  4177 15738 16680  2860 14907 18162 17311 18088 14848 14602 21267 24864 20419  6930 30421 28552 27146 27514 16009 
    0  1571  1703  3120  3085  3313  1443  8140  4973  8901  8243  5516  5445  7809  6131  2748 14309 15251  1431 13478 16733 15882 16659 13419 13173 19838 23435 18990  5501 28992 27123 25717 26085 14580 
    0  3969  4101  5518  5483  5711  3841 10538  7371 11299 10641  7914  7843 10207  8529  5146 16707 17649  3829 15876 19131 18280 19057 15817 15571 22236 25833 21388  7899 31390 29521 28115 28483 16978 
    0 12075 12207 13624 13589 13817 11947 18644 15477 19405 18747 16020 15949 18313 16635 13252 24813 25755 11935 23982 27237 26386 27163 23923 23677 30342 33939 29494 16005 39496 37627 36221 36589 25084 
    0  3159  3291  4708  4673  4901  3031  9728  6561 10489  9831  7104  7033  9397  7719  4336 15897 16839  3019 15066 18321 17470 18247 15007 14761 21426 25023 20578  7089 30580 28711 27305 27673 16168 
    0  2315  2447  3864  3829  4057  2187  8884  5717  9645  8987  6260  6189  8553  6875  3492 15053 15995  2175 14222 17477 16626 17403 14163 13917 20582 24179 19734  6245 29736 27867 26461 26829 15324 
    0  1497  1629  3046  3011  3239  1369  8066  4899  8827  8169  5442  5371  7735  6057  2674 14235 15177  1357 13404 16659 15808 16585 13345 13099 19764 23361 18916  5427 28918 27049 25643 26011 14506 
    0 19973 20105 21522 21487 21715 19845 26542 23375 27303 26645 23918 23847 26211 24533 21150 32711 33653 19833 31880 35135 34284 35061 31821 31575 38240 41837 37392 23903 47394 45525 44119 44487 32982 
    0  3001  3133  4550  4515  4743  2873  9570  6403 10331  9673  6946  6875  9239  7561  4178 15739 16681  2861 14908 18163 17312 18089 14849 14603 21268 24865 20420  6931 30422 28553 27147 27515 16010 
    0  4179  4311  5728  5693  5921  4051 10748  7581 11509 10851  8124  8053 10417  8739  5356 16917 17859  4039 16086 19341 18490 19267 16027 15781 22446 26043 21598  8109 31600 29731 28325 28693 17188 
    0   770   902  2319  2284  2512   642  7339  4172  8100  7442  4715  4644  7008  5330  1947 13508 14450   630 12677 15932 15081 15858 12618 12372 19037 22634 18189  4700 28191 26322 24916 25284 13779 
    0 11427 11559 12976 12941 13169 11299 17996 14829 18757 18099 15372 15301 17665 15987 12604 24165 25107 11287 23334 26589 25738 26515 23275 23029 29694 41837 37392 23903 47394 45525 35573 35941 24436 
    0 25386 25518 26935 26900 27128 25258 31955 28788 32716 32058 29331 29260 31624 29946 26563 38124 39066 25246 37293 40548 39697 40474 37234 36988 43653 47250 42805 29316 52807 50938 49532 49900 38395 
    0 14251 14383 15800 15765 15993 14123 20820 17653 21581 20923 18196 18125 20489 18811 15428 26989 27931 14111 26158 29413 28562 29339 26099 25853 32518 36115 31670 18181 41672 39803 38397 38765 27260 
    0  5357  5489  6906  6871  7099  5229 11926  8759 12687 12029  9302  9231 11595  9917  6534 18095 19037  5217 17264 20519 19668 20445 17205 16959 23624 27221 22776  9287 32778 30909 29503 29871 18366 
    0   735   867  2284  2249  2477   607  7304  4137  8065  7407  4680  4609  6973  5295  1912 13473 14415   595 12642 15897 15046 15823 12583 12337 19002 22599 18154  4665 28156 26287 24881 25249 13744 
    0 26483 26615 28032 27997 28225 26355 33052 29885 33813 33155 30428 30357 32721 31043 27660 39221 40163 26343 38390 41645 40794 41571 38331 38085 44750 48347 43902 30413 53904 52035 50629 50997 39492 
    0 26691 26823 28240 28205 28433 26563 33260 30093 34021 33363 30636 30565 32929 31251 27868 39429 40371 26551 38598 41853 41002 41779 38539 38293 44958 48555 44110 30621 54112 52243 50837 51205 39700 
    0 28575 28707 30124 30089 30317 28447 35144 31977 35905 35247 32520 32449 34813 33135 29752 41313 42255 28435 40482 43737 42886 43663 40423 40177 46842 50439 45994 32505 55996 54127 52721 53089 41584 
    0     0     0     0     0     0     0     0     0     0     0     0     0     0     0     0     0     0     0     0     0     0     0     0     0     0     0     0     0     0     0     0     0     0 
    0   260   392  1809  1774  2002   132  6829  3662  7590  6932  4205  4134  6498  4820  1437 12998 13940   120 12167 15422 14571 15348 12108 11862 18527 22124 17679  4190 27681 25812 24406 24774 13269 
    0  1411  1543  2960  2925  3153  1283  7980  4813  8741  8083  5356  5285  7649  5971  2588 14149 15091  1271 13318 16573 15722 16499 13259 13013 19678 23275 18830  5341 28832 26963 25557 25925 14420 
    0   342   474  1891  1856  2084   214  6911  3744  7672  7014  4287  4216  6580  4902  1519 13080 14022   202 12249 15504 14653 15430 12190 11944 18609 22206 17761  4272 27763 25894 24488 24856 13351 
    0  2195  2327  3744  3709  3937  2067  8764  5597  9525  8867  6140  6069  8433  6755  3372 14933 15875  2055 14102 17357 16506 17283 14043 13797 20462 24059 19614  6125 29616 27747 26341 26709 15204 
    0  3100  3232  4649  4614  4842  2972  9669  6502 10430  9772  7045  6974  9338  7660  4277 15838 16780  2960 15007 18262 17411 18188 14948 14702 21367 24964 20519  7030 30521 28652 27246 27614 16109 
    0  5517  5649  7066  7031  7259  5389 12086  8919 12847 12189  9462  9391 11755 10077  6694 18255 19197  5377 17424 20679 19828 20605 17365 17119 23784 27381 22936  9447 32938 31069 29663 30031 18526 
    0  3695  3827  5244  5209  5437  3567 10264  7097 11025 10367  7640  7569  9933  8255  4872 16433 17375  3555 15602 18857 18006 18783 15543 15297 21962 25559 21114  7625 31116 29247 27841 28209 16704 
    0  4611  4743  6160  6125  6353  4483 11180  8013 11941 11283  8556  8485 10849  9171  5788 17349 18291  4471 16518 19773 18922 19699 16459 16213 22878 26475 22030  8541 32032 30163 28757 29125 17620 
    0  4407  4539  5956  5921  6149  4279 10976  7809 11737 11079  8352  8281 10645  8967  5584 17145 18087  4267 16314 19569 18718 19495 16255 16009 22674 26271 21826  8337 31828 29959 28553 28921 17416 
    0  6315  6447  7864  7829  8057  6187 12884  9717 13645 12987 10260 10189 12553 10875  7492 19053 19995  6175 18222 21477 20626 21403 18163 17917 24582 28179 23734 10245 33736 31867 30461 30829 19324 
    0  5684  5816  7233  7198  7426  5556 12253  9086 13014 12356  9629  9558 11922 10244  6861 18422 19364  5544 17591 20846 19995 20772 17532 17286 23951 27548 23103  9614 33105 31236 29830 30198 18693 
    0  1203  1335  2752  2717  2945  1075  7772  4605  8533  7875  5148  5077  7441  5763  2380 13941 14883  1063 13110 16365 15514 16291 13051 12805 19470 23067 18622  5133 28624 26755 25349 25717 14212 
    0  4108  4240  5657  5622  5850  3980 10677  7510 11438 10780  8053  7982 10346  8668  5285 16846 17788  3968 16015 19270 18419 19196 15956 15710 22375 25972 21527  8038 31529 29660 28254 28622 17117 
    0 10723 10855 12272 12237 12465 10595 17292 14125 18053 17395 14668 14597 16961 15283 11900 23461 24403 10583 22630 25885 25034 25811 22571 22325 28990 32587 28142 14653 38144 36275 34869 35237 23732 
    0  3000  3132  4549  4514  4742  2872  9569  6402 10330  9672  6945  6874  9238  7560  4177 15738 16680  2860 14907 18162 17311 18088 14848 14602 21267 24864 20419  6930 30421 28552 27146 27514 16009 
    0  1571  1703  3120  3085  3313  1443  8140  4973  8901  8243  5516  5445  7809  6131  2748 14309 15251  1431 13478 16733 15882 16659 13419 13173 19838 23435 18990  5501 28992 27123 25717 26085 14580 
    0  3969  4101  5518  5483  5711  3841 10538  7371 11299 10641  7914  7843 10207  8529  5146 16707 17649  3829 15876 19131 18280 19057 15817 15571 22236 25833 21388  7899 31390 29521 28115 28483 16978 
    0 12075 12207 13624 13589 13817 11947 18644 15477 19405 18747 16020 15949 18313 16635 13252 24813 25755 11935 23982 27237 26386 27163 23923 23677 30342 33939 29494 16005 39496 37627 36221 36589 25084 
    0  3159  3291  4708  4673  4901  3031  9728  6561 10489  9831  7104  7033  9397  7719  4336 15897 16839  3019 15066 18321 17470 18247 15007 14761 21426 25023 20578  7089 30580 28711 27305 27673 16168 
    0  2315  2447  3864  3829  4057  2187  8884  5717  9645  8987  6260  6189  8553  6875  3492 15053 15995  2175 14222 17477 16626 17403 14163 13917 20582 24179 19734  6245 29736 27867 26461 26829 15324 
    0  1497  1629  3046  3011  3239  1369  8066  4899  8827  8169  5442  5371  7735  6057  2674 14235 15177  1357 13404 16659 15808 16585 13345 13099 19764 23361 18916  5427 28918 27049 25643 26011 14506 
    0 19973 20105 21522 21487 21715 19845 26542 23375 27303 26645 23918 23847 26211 24533 21150 32711 33653 19833 31880 35135 34284 35061 31821 31575 38240 41837 37392 23903 47394 45525 44119 44487 32982 
    0  3001  3133  4550  4515  4743  2873  9570  6403 10331  9673  6946  6875  9239  7561  4178 15739 16681  2861 14908 18163 17312 18089 14849 14603 21268 24865 20420  6931 30422 28553 27147 27515 16010 
    0  4179  4311  5728  5693  5921  4051 10748  7581 11509 10851  8124  8053 10417  8739  5356 16917 17859  4039 16086 19341 18490 19267 16027 15781 22446 26043 21598  8109 31600 29731 28325 28693 17188 
    0   770   902  2319  2284  2512   642  7339  4172  8100  7442  4715  4644  7008  5330  1947 13508 14450   630 12677 15932 15081 15858 12618 12372 19037 22634 18189  4700 28191 26322 24916 25284 13779 
    0 11427 11559 12976 12941 13169 11299 17996 14829 18757 18099 15372 15301 17665 15987 12604 24165 25107 11287 23334 26589 25738 26515 23275 23029 29694 41837 37392 23903 47394 45525 44119 35941 24436 
    0 25386 25518 26935 26900 27128 25258 31955 28788 32716 32058 29331 29260 31624 29946 26563 38124 39066 25246 37293 40548 39697 40474 37234 36988 43653 47250 42805 29316 52807 50938 49532 49900 38395 
    0 14251 14383 15800 15765 15993 14123 20820 17653 21581 20923 18196 18125 20489 18811 15428 26989 27931 14111 26158 29413 28562 29339 26099 25853 32518 36115 31670 18181 41672 39803 38397 38765 27260 
    0  5357  5489  6906  6871  7099  5229 11926  8759 12687 12029  9302  9231 11595  9917  6534 18095 19037  5217 17264 20519 19668 20445 17205 16959 23624 27221 22776  9287 32778 30909 29503 29871 18366 
    0   735   867  2284  2249  2477   607  7304  4137  8065  7407  4680  4609  6973  5295  1912 13473 14415   595 12642 15897 15046 15823 12583 12337 19002 22599 18154  4665 28156 26287 24881 25249 13744 
    0 26483 26615 28032 27997 28225 26355 33052 29885 33813 33155 30428 30357 32721 31043 27660 39221 40163 26343 38390 41645 40794 41571 38331 38085 44750 48347 43902 30413 53904 52035 50629 50997 39492 
    0 26691 26823 28240 28205 28433 26563 33260 30093 34021 33363 30636 30565 32929 31251 27868 39429 40371 26551 38598 41853 41002 41779 38539 38293 44958 48555 44110 30621 54112 52243 50837 51205 39700 
    0 28575 28707 30124 30089 30317 28447 35144 31977 35905 35247 32520 32449 34813 33135 29752 41313 42255 28435 40482 43737 42886 43663 40423 40177 46842 50439 45994 32505 55996 54127 52721 53089 41584 
    0     0     0     0     0     0     0     0     0     0     0     0     0     0     0     0     0     0     0     0     0     0     0     0     0     0     0     0     0     0     0     0     0     0 
    0   260   392  1809  1774  2002   132  6829  3662  7590  6932  4205  4134  6498  4820  1437 12998 13940   120 12167 15422 14571 15348 12108 11862 18527 22124 17679  4190 27681 25812 24406 24774 13269 
    0  1411  1543  2960  2925  3153  1283  7980  4813  8741  8083  5356  5285  7649  5971  2588 14149 15091  1271 13318 16573 15722 16499 13259 13013 19678 23275 18830  5341 28832 26963 25557 25925 14420 
    0   342   474  1891  1856  2084   214  6911  3744  7672  7014  4287  4216  6580  4902  1519 13080 14022   202 12249 15504 14653 15430 12190 11944 18609 22206 17761  4272 27763 25894 24488 24856 13351 
    0  2195  2327  3744  3709  3937  2067  8764  5597  9525  8867  6140  6069  8433  6755  3372 14933 15875  2055 14102 17357 16506 17283 14043 13797 20462 24059 19614  6125 29616 27747 26341 26709 15204 
    0  3100  3232  4649  4614  4842  2972  9669  6502 10430  9772  7045  6974  9338  7660  4277 15838 16780  2960 15007 18262 17411 18188 14948 14702 21367 24964 20519  7030 30521 28652 27246 27614 16109 
    0  5517  5649  7066  7031  7259  5389 12086  8919 12847 12189  9462  9391 11755 10077  6694 18255 19197  5377 17424 20679 19828 20605 17365 17119 23784 27381 22936  9447 32938 31069 29663 30031 18526 
    0  3695  3827  5244  5209  5437  3567 10264  7097 11025 10367  7640  7569  9933  8255  4872 16433 17375  3555 15602 18857 18006 18783 15543 15297 21962 25559 21114  7625 31116 29247 27841 28209 16704 
    0  4611  4743  6160  6125  6353  4483 11180  8013 11941 11283  8556  8485 10849  9171  5788 17349 18291  4471 16518 19773 18922 19699 16459 16213 22878 26475 22030  8541 32032 30163 28757 29125 17620 
    0  4407  4539  5956  5921  6149  4279 10976  7809 11737 11079  8352  8281 10645  8967  5584 17145 18087  4267 16314 19569 18718 19495 16255 16009 22674 26271 21826  8337 31828 29959 28553 28921 17416 
    0  6315  6447  7864  7829  8057  6187 12884  9717 13645 12987 10260 10189 12553 10875  7492 19053 19995  6175 18222 21477 20626 21403 18163 17917 24582 28179 23734 10245 33736 31867 30461 30829 19324 
    0  5684  5816  7233  7198  7426  5556 12253  9086 13014 12356  9629  9558 11922 10244  6861 18422 19364  5544 17591 20846 19995 20772 17532 17286 23951 27548 23103  9614 33105 31236 29830 30198 18693 
    0  1203  1335  2752  2717  2945  1075  7772  4605  8533  7875  5148  5077  7441  5763  2380 13941 14883  1063 13110 16365 15514 16291 13051 12805 19470 23067 18622  5133 28624 26755 25349 25717 14212 
    0  4108  4240  5657  5622  5850  3980 10677  7510 11438 10780  8053  7982 10346  8668  5285 16846 17788  3968 16015 19270 18419 19196 15956 15710 22375 25972 21527  8038 31529 29660 28254 28622 17117 
    0 10723 10855 12272 12237 12465 10595 17292 14125 18053 17395 14668 14597 16961 15283 11900 23461 24403 10583 22630 25885 25034 25811 22571 22325 28990 32587 28142 14653 38144 36275 34869 35237 23732 
    0  3000  3132  4549  4514  4742  2872  9569  6402 10330  9672  6945  6874  9238  7560  4177 15738 16680  2860 14907 18162 17311 18088 14848 14602 21267 24864 20419  6930 30421 28552 27146 27514 16009 
    0  1571  1703  3120  3085  3313  1443  8140  4973  8901  8243  5516  5445  7809  6131  2748 14309 15251  1431 13478 16733 15882 16659 13419 13173 19838 23435 18990  5501 28992 27123 25717 26085 14580 
    0  3969  4101  5518  5483  5711  3841 10538  7371 11299 10641  7914  7843 10207  8529  5146 16707 17649  3829 15876 19131 18280 19057 15817 15571 22236 25833 21388  7899 31390 29521 28115 28483 16978 
    0 12075 12207 13624 13589 13817 11947 18644 15477 19405 18747 16020 15949 18313 16635 13252 24813 25755 11935 23982 27237 26386 27163 23923 23677 30342 33939 29494 16005 39496 37627 36221 36589 25084 
    0  3159  3291  4708  4673  4901  3031  9728  6561 10489  9831  7104  7033  9397  7719  4336 15897 16839  3019 15066 18321 17470 18247 15007 14761 21426 25023 20578  7089 30580 28711 27305 27673 16168 
    0  2315  2447  3864  3829  4057  2187  8884  5717  9645  8987  6260  6189  8553  6875  3492 15053 15995  2175 14222 17477 16626 17403 14163 13917 20582 24179 19734  6245 29736 27867 26461 26829 15324 
    0  1497  1629  3046  3011  3239  1369  8066  4899  8827  8169  5442  5371  7735  6057  2674 14235 15177  1357 13404 16659 15808 16585 13345 13099 19764 23361 18916  5427 28918 27049 25643 26011 14506 
    0 19973 20105 21522 21487 21715 19845 26542 23375 27303 26645 23918 23847 26211 24533 21150 32711 33653 19833 31880 35135 34284 35061 31821 31575 38240 41837 37392 23903 47394 45525 44119 44487 32982 
    0  3001  3133  4550  4515  4743  2873  9570  6403 10331  9673  6946  6875  9239  7561  4178 15739 16681  2861 14908 18163 17312 18089 14849 14603 21268 24865 20420  6931 30422 28553 27147 27515 16010 
    0  4179  4311  5728  5693  5921  4051 10748  7581 11509 10851  8124  8053 10417  8739  5356 16917 17859  4039 16086 19341 18490 19267 16027 15781 22446 26043 21598  8109 31600 29731 28325 28693 17188 
    0   770   902  2319  2284  2512   642  7339  4172  8100  7442  4715  4644  7008  5330  1947 13508 14450   630 12677 15932 15081 15858 12618 12372 19037 22634 18189  4700 28191 26322 24916 25284 13779 
    0 11427 11559 12976 12941 13169 11299 17996 14829 18757 18099 15372 15301 17665 15987 12604 24165 25107 11287 23334 26589 25738 26515 23275 23029 29694 41837 37392 23903 47394 45525 44119 44487 24436 
    0 25386 25518 26935 26900 27128 25258 31955 28788 32716 32058 29331 29260 31624 29946 26563 38124 39066 25246 37293 40548 39697 40474 37234 36988 43653 47250 42805 29316 52807 50938 49532 49900 38395 
    0 14251 14383 15800 15765 15993 14123 20820 17653 21581 20923 18196 18125 20489 18811 15428 26989 27931 14111 26158 29413 28562 29339 26099 25853 32518 36115 31670 18181 41672 39803 38397 38765 27260 
    0  5357  5489  6906  6871  7099  5229 11926  8759 12687 12029  9302  9231 11595  9917  6534 18095 19037  5217 17264 20519 19668 20445 17205 16959 23624 27221 22776  9287 32778 30909 29503 29871 18366 
    0   735   867  2284  2249  2477   607  7304  4137  8065  7407  4680  4609  6973  5295  1912 13473 14415   595 12642 15897 15046 15823 12583 12337 19002 22599 18154  4665 28156 26287 24881 25249 13744 
    0 26483 26615 28032 27997 28225 26355 33052 29885 33813 33155 30428 30357 32721 31043 27660 39221 40163 26343 38390 41645 40794 41571 38331 38085 44750 48347 43902 30413 53904 52035 50629 50997 39492 
    0 26691 26823 28240 28205 28433 26563 33260 30093 34021 33363 30636 30565 32929 31251 27868 39429 40371 26551 38598 41853 41002 41779 38539 38293 44958 48555 44110 30621 54112 52243 50837 51205 39700 
    0 28575 28707 30124 30089 30317 28447 35144 31977 35905 35247 32520 32449 34813 33135 29752 41313 42255 28435 40482 43737 42886 43663 40423 40177 46842 50439 45994 32505 55996 54127 52721 53089 41584 
    0     0     0     0     0     0     0     0     0     0     0     0     0     0     0     0     0     0     0     0     0     0     0     0     0     0     0     0     0     0     0     0     0     0 
    0   260   392  1809  1774  2002   132  6829  3662  7590  6932  4205  4134  6498  4820  1437 12998 13940   120 12167 15422 14571 15348 12108 11862 18527 22124 17679  4190 27681 25812 24406 24774 13269 
    0  1411  1543  2960  2925  3153  1283  7980  4813  8741  8083  5356  5285  7649  5971  2588 14149 15091  1271 13318 16573 15722 16499 13259 13013 19678 23275 18830  5341 28832 26963 25557 25925 14420 
    0   342   474  1891  1856  2084   214  6911  3744  7672  7014  4287  4216  6580  4902  1519 13080 14022   202 12249 15504 14653 15430 12190 11944 18609 22206 17761  4272 27763 25894 24488 24856 13351 
    0  2195  2327  3744  3709  3937  2067  8764  5597  9525  8867  6140  6069  8433  6755  3372 14933 15875  2055 14102 17357 16506 17283 14043 13797 20462 24059 19614  6125 29616 27747 26341 26709 15204 
    0  3100  3232  4649  4614  4842  2972  9669  6502 10430  9772  7045  6974  9338  7660  4277 15838 16780  2960 15007 18262 17411 18188 14948 14702 21367 24964 20519  7030 30521 28652 27246 27614 16109 
    0  5517  5649  7066  7031  7259  5389 12086  8919 12847 12189  9462  9391 11755 10077  6694 18255 19197  5377 17424 20679 19828 20605 17365 17119 23784 27381 22936  9447 32938 31069 29663 30031 18526 
    0  3695  3827  5244  5209  5437  3567 10264  7097 11025 10367  7640  7569  9933  8255  4872 16433 17375  3555 15602 18857 18006 18783 15543 15297 21962 25559 21114  7625 31116 29247 27841 28209 16704 
    0  4611  4743  6160  6125  6353  4483 11180  8013 11941 11283  8556  8485 10849  9171  5788 17349 18291  4471 16518 19773 18922 19699 16459 16213 22878 26475 22030  8541 32032 30163 28757 29125 17620 
    0  4407  4539  5956  5921  6149  4279 10976  7809 11737 11079  8352  8281 10645  8967  5584 17145 18087  4267 16314 19569 18718 19495 16255 16009 22674 26271 21826  8337 31828 29959 28553 28921 17416 
    0  6315  6447  7864  7829  8057  6187 12884  9717 13645 12987 10260 10189 12553 10875  7492 19053 19995  6175 18222 21477 20626 21403 18163 17917 24582 28179 23734 10245 33736 31867 30461 30829 19324 
    0  5684  5816  7233  7198  7426  5556 12253  9086 13014 12356  9629  9558 11922 10244  6861 18422 19364  5544 17591 20846 19995 20772 17532 17286 23951 27548 23103  9614 33105 31236 29830 30198 18693 
    0  1203  1335  2752  2717  2945  1075  7772  4605  8533  7875  5148  5077  7441  5763  2380 13941 14883  1063 13110 16365 15514 16291 13051 12805 19470 23067 18622  5133 28624 26755 25349 25717 14212 
    0  4108  4240  5657  5622  5850  3980 10677  7510 11438 10780  8053  7982 10346  8668  5285 16846 17788  3968 16015 19270 18419 19196 15956 15710 22375 25972 21527  8038 31529 29660 28254 28622 17117 
    0 10723 10855 12272 12237 12465 10595 17292 14125 18053 17395 14668 14597 16961 15283 11900 23461 24403 10583 22630 25885 25034 25811 22571 22325 28990 32587 28142 14653 38144 36275 34869 35237 23732 
    0  3000  3132  4549  4514  4742  2872  9569  6402 10330  9672  6945  6874  9238  7560  4177 15738 16680  2860 14907 18162 17311 18088 14848 14602 21267 24864 20419  6930 30421 28552 27146 27514 16009 
    0  1571  1703  3120  3085  3313  1443  8140  4973  8901  8243  5516  5445  7809  6131  2748 14309 15251  1431 13478 16733 15882 16659 13419 13173 19838 23435 18990  5501 28992 27123 25717 26085 14580 
    0  3969  4101  5518  5483  5711  3841 10538  7371 11299 10641  7914  7843 10207  8529  5146 16707 17649  3829 15876 19131 18280 19057 15817 15571 22236 25833 21388  7899 31390 29521 28115 28483 16978 
    0 12075 12207 13624 13589 13817 11947 18644 15477 19405 18747 16020 15949 18313 16635 13252 24813 25755 11935 23982 27237 26386 27163 23923 23677 30342 33939 29494 16005 39496 37627 36221 36589 25084 
    0  3159  3291  4708  4673  4901  3031  9728  6561 10489  9831  7104  7033  9397  7719  4336 15897 16839  3019 15066 18321 17470 18247 15007 14761 21426 25023 20578  7089 30580 28711 27305 27673 16168 
    0  2315  2447  3864  3829  4057  2187  8884  5717  9645  8987  6260  6189  8553  6875  3492 15053 15995  2175 14222 17477 16626 17403 14163 13917 20582 24179 19734  6245 29736 27867 26461 26829 15324 
    0  1497  1629  3046  3011  3239  1369  8066  4899  8827  8169  5442  5371  7735  6057  2674 14235 15177  1357 13404 16659 15808 16585 13345 13099 19764 23361 18916  5427 28918 27049 25643 26011 14506 
    0 19973 20105 21522 21487 21715 19845 26542 23375 27303 26645 23918 23847 26211 24533 21150 32711 33653 19833 31880 35135 34284 35061 31821 31575 38240 41837 37392 23903 47394 45525 44119 44487 32982 
    0  3001  3133  4550  4515  4743  2873  9570  6403 10331  9673  6946  6875  9239  7561  4178 15739 16681  2861 14908 18163 17312 18089 14849 14603 21268 24865 20420  6931 30422 28553 27147 27515 16010 
    0  4179  4311  5728  5693  5921  4051 10748  7581 11509 10851  8124  8053 10417  8739  5356 16917 17859  4039 16086 19341 18490 19267 16027 15781 22446 26043 21598  8109 31600 29731 28325 28693 17188 
    0   770   902  2319  2284  2512   642  7339  4172  8100  7442  4715  4644  7008  5330  1947 13508 14450   630 12677 15932 15081 15858 12618 12372 19037 22634 18189  4700 28191 26322 24916 25284 13779 
    0 11427 11559 12976 12941 13169 11299 17996 14829 18757 18099 15372 15301 17665 15987 12604 24165 25107 11287 23334 26589 25738 26515 23275 23029 29694 41837 37392 23903 47394 45525 44119 44487 32982 
    0 25386 25518 26935 26900 27128 25258 31955 28788 32716 32058 29331 29260 31624 29946 26563 38124 39066 25246 37293 40548 39697 40474 37234 36988 43653 47250 42805 29316 52807 50938 49532 49900 38395 
    0 14251 14383 15800 15765 15993 14123 20820 17653 21581 20923 18196 18125 20489 18811 15428 26989 27931 14111 26158 29413 28562 29339 26099 25853 32518 36115 31670 18181 41672 39803 38397 38765 27260 
    0  5357  5489  6906  6871  7099  5229 11926  8759 12687 12029  9302  9231 11595  9917  6534 18095 19037  5217 17264 20519 19668 20445 17205 16959 23624 27221 22776  9287 32778 30909 29503 29871 18366 
    0   735   867  2284  2249  2477   607  7304  4137  8065  7407  4680  4609  6973  5295  1912 13473 14415   595 12642 15897 15046 15823 12583 12337 19002 22599 18154  4665 28156 26287 24881 25249 13744 
    0 26483 26615 28032 27997 28225 26355 33052 29885 33813 33155 30428 30357 32721 31043 27660 39221 40163 26343 38390 41645 40794 41571 38331 38085 44750 48347 43902 30413 53904 52035 50629 50997 39492 
    0 26691 26823 28240 28205 28433 26563 33260 30093 34021 33363 30636 30565 32929 31251 27868 39429 40371 26551 38598 41853 41002 41779 38539 38293 44958 48555 44110 30621 54112 52243 50837 51205 39700 
    0 28575 28707 30124 30089 30317 28447 35144 31977 35905 35247 32520 32449 34813 33135 29752 41313 42255 28435 40482 43737 42886 43663 40423 40177 46842 50439 45994 32505 55996 54127 52721 53089 41584 
2442448
